MAE ################################################ STATS ###
           First    Second     Third    Fourth
era5    0.122028  0.168111  0.186875  0.522986
jra55   0.203375  0.236306  0.362556  0.197764
merra2  0.512292  0.125792  0.082667  0.279250
ens     0.162306  0.469792  0.367903  0.000000

BIAS ################################################ STATS ###
           First    Second     Third    Fourth
era5    0.143611  0.161639  0.168778  0.525972
jra55   0.209917  0.255736  0.336736  0.197611
merra2  0.523444  0.120500  0.079639  0.276417
ens     0.123028  0.462125  0.414847  0.000000

WILL ################################################ STATS ###
           First    Second     Third    Fourth
era5    0.182250  0.219069  0.294889  0.303792
jra55   0.156042  0.326597  0.304611  0.212750
merra2  0.513375  0.104444  0.096042  0.286139
ens     0.145931  0.347153  0.306542  0.200375

R ################################################ STATS ###
           First    Second     Third    Fourth
era5    0.135625  0.299278  0.223014  0.342083
jra55   0.167208  0.401583  0.197292  0.233917
merra2  0.696778  0.148194  0.064875  0.090153
ens     0.000389  0.150944  0.514819  0.333847

1 ################################################# TERR ###
           First    Second     Third    Fourth
era5    0.151875  0.182062  0.217479  0.448583
jra55   0.132292  0.338896  0.307458  0.221354
merra2  0.627729  0.110229  0.074896  0.187146
ens     0.087021  0.367500  0.399583  0.145896

2 ################################################# TERR ###
           First    Second     Third    Fourth
era5    0.200292  0.292083  0.208792  0.298833
jra55   0.223708  0.295167  0.275104  0.206021
merra2  0.462479  0.088896  0.056021  0.392604
ens     0.113521  0.323354  0.460146  0.102979

3 ################################################# TERR ###
           First    Second     Third    Fourth
era5    0.145104  0.193812  0.199229  0.461854
jra55   0.282500  0.274125  0.237229  0.206146
merra2  0.517813  0.191229  0.102625  0.188333
ens     0.054583  0.340833  0.460458  0.144125

4 ################################################# TERR ###
           First    Second     Third    Fourth
era5    0.087729  0.259229  0.168687  0.484354
jra55   0.229417  0.315146  0.290167  0.165271
merra2  0.484396  0.154938  0.110000  0.250667
ens     0.198458  0.270688  0.431146  0.099708

5 ################################################# TERR ###
           First    Second     Third    Fourth
era5    0.135187  0.152167  0.212812  0.499833
jra55   0.093917  0.336146  0.371917  0.198021
merra2  0.677979  0.099937  0.069417  0.152667
ens     0.090833  0.409667  0.350021  0.149479

6 ################################################# TERR ###
           First    Second     Third    Fourth
era5    0.155083  0.192792  0.303333  0.348792
jra55   0.142979  0.270854  0.319917  0.266250
merra2  0.598437  0.103167  0.071875  0.226521
ens     0.103063  0.432979  0.304812  0.159146

JAN ################################################# SZN ###
           First    Second     Third    Fourth
era5    0.155042  0.134250  0.153292  0.557417
jra55   0.162375  0.388583  0.290958  0.158083
merra2  0.586792  0.126792  0.093833  0.192583
ens     0.095417  0.349000  0.462542  0.093042

FEB ################################################# SZN ###
           First    Second     Third    Fourth
era5    0.115750  0.120917  0.168333  0.595000
jra55   0.149542  0.420667  0.288500  0.141292
merra2  0.609042  0.129250  0.089708  0.172000
ens     0.125208  0.327083  0.453708  0.094000

MAR ################################################# SZN ###
           First    Second     Third    Fourth
era5    0.108750  0.125792  0.140708  0.624750
jra55   0.085708  0.381625  0.424292  0.108375
merra2  0.698125  0.104375  0.051958  0.145542
ens     0.104542  0.384958  0.385667  0.124833

APR ################################################# SZN ###
           First    Second     Third    Fourth
era5    0.099500  0.117292  0.208917  0.574292
jra55   0.112625  0.341333  0.428292  0.117750
merra2  0.652167  0.096458  0.072667  0.178708
ens     0.133083  0.442792  0.293875  0.130250

MAY ################################################# SZN ###
           First    Second     Third    Fourth
era5    0.172458  0.244375  0.274875  0.308292
jra55   0.216458  0.203083  0.236667  0.343792
merra2  0.528250  0.133083  0.103125  0.235542
ens     0.081958  0.420333  0.385333  0.112375

JUN ################################################# SZN ###
           First    Second     Third    Fourth
era5    0.296875  0.249000  0.196958  0.257167
jra55   0.166292  0.255333  0.266833  0.311542
merra2  0.424875  0.197708  0.130167  0.247250
ens     0.111958  0.297958  0.406042  0.184042

JUL ################################################# SZN ###
           First    Second     Third    Fourth
era5    0.205542  0.321250  0.232458  0.240750
jra55   0.245292  0.274708  0.240375  0.239625
merra2  0.416875  0.080292  0.080125  0.422708
ens     0.132292  0.323750  0.447042  0.096917

AUG ################################################# SZN ###
           First    Second     Third    Fourth
era5    0.100292  0.389542  0.295208  0.214958
jra55   0.316500  0.180583  0.210875  0.292042
merra2  0.503917  0.077167  0.070167  0.348750
ens     0.079292  0.352708  0.423750  0.144250

SEP ################################################# SZN ###
           First    Second     Third    Fourth
era5    0.129875  0.356250  0.278625  0.235250
jra55   0.243833  0.289708  0.250375  0.216083
merra2  0.515958  0.080042  0.072792  0.331208
ens     0.110333  0.274000  0.398208  0.217458

OCT ################################################# SZN ###
           First    Second     Third    Fourth
era5    0.131583  0.175875  0.297250  0.395292
jra55   0.140042  0.292750  0.312167  0.255042
merra2  0.635167  0.115417  0.042583  0.206833
ens     0.093208  0.415958  0.347125  0.143708

NOV ################################################# SZN ###
           First    Second     Third    Fourth
era5    0.108083  0.174958  0.189667  0.527292
jra55   0.161708  0.296792  0.356417  0.185083
merra2  0.612333  0.172542  0.066250  0.148875
ens     0.117875  0.355458  0.387542  0.139125

DEC ################################################# SZN ###
           First    Second     Third    Fourth
era5    0.126792  0.134792  0.184375  0.554042
jra55   0.209250  0.335500  0.297833  0.157417
merra2  0.554167  0.183667  0.096292  0.165875
ens     0.109792  0.346042  0.421500  0.122667
